#*****Optical Chain*****
#
Element	  | Temperature      | Absorption                      | Reflection                      | Thickness       | Index           | Loss Tangent    | Conductivity    | Surface Rough   | Spillover                       | Spillover Temp  | Scatter Frac                    | Scatter Temp   
#-------------------------------------------------------------------------------------------------------------------------------------------------------------------------------------------------------------------------------------------------------------------------------------------------
#	  | [K]              | NA                              | NA	                         | [mm]            | NA              | [e-4]           | [e6 S/m]        | [um RMS]        | NA                              | [K]             | NA                              | [K]            
#-------------------------------------------------------------------------------------------------------------------------------------------------------------------------------------------------------------------------------------------------------------------------------------------------
Primary	  | 60.00 +/- 0.000  | [0.002, 0.005, 0.008, 0.010] | [0.000, 0.000, 0.000, 0.000] | NA              | NA              | NA              | NA              | NA              | [0.000, 0.000, 0.000, 0.010] | NA              | NA	                         | NA             
#-------------------------------------------------------------------------------------------------------------------------------------------------------------------------------------------------------------------------------------------------------------------------------------------------
Mirror	  | 60.00 +/- 0.000  | [0.002, 0.005, 0.008, 0.010] | [0.000, 0.000, 0.000, 0.000] | NA              | NA              | NA              | NA              | NA              | [0.000, 0.000, 0.000, 0.000] | NA              | NA	                         | NA             
#-------------------------------------------------------------------------------------------------------------------------------------------------------------------------------------------------------------------------------------------------------------------------------------------------
LowPass1  | 3.930 +/- 0.000  | [0.010, 0.010, 0.010, 0.010] | [0.050, 0.050, 0.050, 0.050] | NA              | NA              | NA	       | NA		 | NA	           | NA	                             | NA	       | NA	                         | NA	        
#-------------------------------------------------------------------------------------------------------------------------------------------------------------------------------------------------------------------------------------------------------------------------------------------------
LowPass2  | 1.000 +/- 0.000  | [0.010, 0.010, 0.010, 0.010] | [0.050, 0.050, 0.050, 0.050] | NA              | NA              | NA	       | NA		 | NA	           | NA	                             | NA	       | NA	                         | NA	        
#-------------------------------------------------------------------------------------------------------------------------------------------------------------------------------------------------------------------------------------------------------------------------------------------------
Aperture  | 1.000 +/- 0.000  | [0.100, 0.100, 0.100, 0.100] | [0.000, 0.000, 0.000, 0.000] | NA              | NA              | NA	       | NA		 | NA	           | NA	                             | NA	       | NA	                         | NA	        
#-------------------------------------------------------------------------------------------------------------------------------------------------------------------------------------------------------------------------------------------------------------------------------------------------
LowPass3  | 0.100 +/- 0.000  | [0.010, 0.010, 0.010, 0.010] | [0.050, 0.050, 0.050, 0.050] | NA              | NA              | NA	       | NA		 | NA	           | NA	                             | NA	       | NA	                         | NA	        
#-------------------------------------------------------------------------------------------------------------------------------------------------------------------------------------------------------------------------------------------------------------------------------------------------
