#*****Optical Chain*****
#--------------------------------------------------------------------------------------------------------------------------------------------------------------------------------------------------------------------------------------------------------------------------------------------------------------------------------------------------------------------------------------------------------------------
Element          | Temperature      | Absorption                                               | Reflection                                               | Thickness        | Index            | Loss Tangent     | Conductivity     | Surface Rough    | Spillover                                                | Spillover Temp   | Scatter Frac                                             | Scatter Temp    
#--------------------------------------------------------------------------------------------------------------------------------------------------------------------------------------------------------------------------------------------------------------------------------------------------------------------------------------------------------------------------------------------------------------------
#                | [K]              | NA                                                       | NA                                                       | [mm]             | NA               | [e-4]            | [e6 S/m]         | [um RMS]         | NA                                                       | [K]              | NA                                                       | [K]             
#--------------------------------------------------------------------------------------------------------------------------------------------------------------------------------------------------------------------------------------------------------------------------------------------------------------------------------------------------------------------------------------------------------------------
Primary          | 4.000            | [0.000, 0.001, 0.002, 0.003, 0.004, 0.007, 0.011, 0.017] | [0.000, 0.000, 0.000, 0.000, 0.000, 0.000, 0.000, 0.000] | NA               | NA               | NA               | NA               | NA               | [0.000, 0.000, 0.000, 0.000, 0.000, 0.000, 0.000, 0.000] | NA               | [0.000, 0.000, 0.000, 0.000, 0.000, 0.000, 0.000, 0.000] | NA              
#--------------------------------------------------------------------------------------------------------------------------------------------------------------------------------------------------------------------------------------------------------------------------------------------------------------------------------------------------------------------------------------------------------------------
Secondary        | 4.000            | [0.000, 0.001, 0.002, 0.003, 0.004, 0.007, 0.011, 0.017] | [0.000, 0.000, 0.000, 0.000, 0.000, 0.000, 0.000, 0.000] | NA               | NA               | NA               | NA               | NA               | [0.000, 0.000, 0.000, 0.000, 0.000, 0.000, 0.000, 0.000] | NA               | [0.000, 0.000, 0.000, 0.000, 0.000, 0.000, 0.000, 0.000] | NA              
#--------------------------------------------------------------------------------------------------------------------------------------------------------------------------------------------------------------------------------------------------------------------------------------------------------------------------------------------------------------------------------------------------------------------
Filter1          | 3.900            | [0.010, 0.010, 0.010, 0.010, 0.010, 0.010, 0.010, 0.010] | [0.050, 0.050, 0.050, 0.050, 0.050, 0.050, 0.050, 0.050] | NA               | NA               | NA               | NA               | NA               | [0.000, 0.000, 0.000, 0.000, 0.000, 0.000, 0.000, 0.000] | NA               | [0.000, 0.000, 0.000, 0.000, 0.000, 0.000, 0.000, 0.000] | NA              
#--------------------------------------------------------------------------------------------------------------------------------------------------------------------------------------------------------------------------------------------------------------------------------------------------------------------------------------------------------------------------------------------------------------------
Filter2          | 1.000            | [0.010, 0.010, 0.010, 0.010, 0.010, 0.010, 0.010, 0.010] | [0.050, 0.050, 0.050, 0.050, 0.050, 0.050, 0.050, 0.050] | NA               | NA               | NA               | NA               | NA               | [0.000, 0.000, 0.000, 0.000, 0.000, 0.000, 0.000, 0.000] | NA               | [0.000, 0.000, 0.000, 0.000, 0.000, 0.000, 0.000, 0.000] | NA              
#--------------------------------------------------------------------------------------------------------------------------------------------------------------------------------------------------------------------------------------------------------------------------------------------------------------------------------------------------------------------------------------------------------------------
Lyot             | 1.000            | NA                                                       | [0.000, 0.000, 0.000, 0.000, 0.000, 0.000, 0.000, 0.000] | NA               | NA               | NA               | NA               | NA               | [0.000, 0.000, 0.000, 0.000, 0.000, 0.000, 0.000, 0.000] | NA               | [0.000, 0.000, 0.000, 0.000, 0.000, 0.000, 0.000, 0.000] | NA              
#--------------------------------------------------------------------------------------------------------------------------------------------------------------------------------------------------------------------------------------------------------------------------------------------------------------------------------------------------------------------------------------------------------------------
Filter3          | 0.100            | [0.010, 0.010, 0.010, 0.010, 0.010, 0.010, 0.010, 0.010] | [0.050, 0.050, 0.050, 0.050, 0.050, 0.050, 0.050, 0.050] | NA               | NA               | NA               | NA               | NA               | [0.000, 0.000, 0.000, 0.000, 0.000, 0.000, 0.000, 0.000] | NA               | [0.000, 0.000, 0.000, 0.000, 0.000, 0.000, 0.000, 0.000] | NA              
#--------------------------------------------------------------------------------------------------------------------------------------------------------------------------------------------------------------------------------------------------------------------------------------------------------------------------------------------------------------------------------------------------------------------
